,MARSH,OTHER,INSECT,SEED,FISH,OMNIV,GRD_FRG,STALK,PROBE,AER_FORG,FOL_GLN,FLY_CAT,SHRUB,TREE,FLOAT,GROUND,CAVITY,BUILD,CLIFF,BURROW
AMBI,1,0,0,0,1,0,0,1,0,0,0,0,0,0,0,1,0,0,0,0
LEBI,1,0,0,0,1,0,0,1,0,0,0,0,0,0,0,1,0,0,0,0
MAWR,1,0,1,0,0,0,1,0,0,0,0,0,1,0,0,0,0,0,0,0
SORA,1,0,0,1,0,0,1,0,0,0,0,0,0,0,1,0,0,0,0,0
SWSP,1,0,1,0,0,0,1,0,0,0,0,0,1,0,0,0,0,0,0,0
VIRA,1,0,1,0,0,0,1,0,0,0,0,0,0,0,0,1,0,0,0,0
AMWO,0,1,1,0,0,0,0,0,1,0,0,0,0,0,0,1,0,0,0,0
COYE,1,0,1,0,0,0,0,0,0,0,1,0,1,0,0,0,0,0,0,0
RWBL,0,1,1,0,0,0,1,0,0,0,0,0,1,0,0,0,0,0,0,0
YWAR,0,1,1,0,0,0,0,0,0,0,1,0,1,0,0,0,0,0,0,0
SOSP,0,1,1,0,0,0,1,0,0,0,0,0,1,0,0,0,0,0,0,0
CHSP,0,1,0,1,0,0,1,0,0,0,0,0,1,0,0,0,0,0,0,0
NOCA,0,1,0,1,0,0,1,0,0,0,0,0,1,0,0,0,0,0,0,0
WIFL,1,0,1,0,0,0,0,0,0,0,0,1,1,0,0,0,0,0,0,0
TRES,0,1,1,0,0,0,0,0,0,1,0,0,0,0,0,0,1,0,0,0
BARS,0,1,1,0,0,0,0,0,0,1,0,0,0,0,0,0,0,1,0,0
BANS,0,1,1,0,0,0,0,0,0,1,0,0,0,0,0,0,0,0,0,1
EAKI,0,1,1,0,0,0,0,0,0,0,0,1,0,1,0,0,0,0,0,0
PUMA,0,1,1,0,0,0,0,0,0,1,0,0,0,0,0,0,1,0,0,0
CSWA,0,1,1,0,0,0,0,0,0,0,1,0,1,0,0,0,0,0,0,0
COGR,0,1,0,0,0,1,1,0,0,0,0,0,0,1,0,0,0,0,0,0
CLIFF,0,1,1,0,0,0,0,0,0,1,0,0,0,0,0,0,0,0,1,0
AMRO,0,1,1,0,0,0,1,0,0,0,0,0,0,1,0,0,0,0,0,0
